0.000000000000000000e+00 1.175457325921586182e+01 6.000000000000000000e+00
1.340356766399346533e-01 1.258418482820713002e+01 7.000000000000000000e+00
2.501057906675441256e-01 1.338839345837953232e+01 8.000000000000000000e+00
3.506183684237886844e-01 1.416890750129137189e+01 9.000000000000000000e+00
4.376586748096509272e-01 1.492700510140930348e+01 1.100000000000000000e+01
5.130324748341368313e-01 1.566375707635130254e+01 1.200000000000000000e+01
5.783034965714177744e-01 1.638004811663228466e+01 1.300000000000000000e+01
6.348258727451623340e-01 1.707649472987351302e+01 1.400000000000000000e+01
6.837722339831620033e-01 1.775365284408222522e+01 1.600000000000000000e+01
7.261580365735638143e-01 1.841200612837095463e+01 1.700000000000000000e+01
7.628626294338345382e-01 1.905193788814762712e+01 1.900000000000000000e+01
7.946474973542854148e-01 1.967376734103816815e+01 2.000000000000000000e+01
8.221720589961076797e-01 2.027784651189086418e+01 2.100000000000000000e+01
8.460073473940508126e-01 2.086442283047027857e+01 2.300000000000000000e+01
8.666478567836676250e-01 2.143378913825317866e+01 2.400000000000000000e+01
8.845218015310541970e-01 2.198616696699123096e+01 2.500000000000000000e+01
9.000000000000000222e-01 2.252180568527915483e+01 2.600000000000000000e+01
9.134035676639934431e-01 2.304084820393061506e+01 2.700000000000000000e+01
9.250105790667544348e-01 2.354352886610449502e+01 2.900000000000000000e+01
9.350618368423788684e-01 2.402992183704085960e+01 2.900000000000000000e+01
9.437658674809651371e-01 2.450015681435854020e+01 3.000000000000000000e+01
9.513032474834136609e-01 2.495426223857809589e+01 3.100000000000000000e+01
9.578303496571417552e-01 2.539225713649754823e+01 3.200000000000000000e+01
9.634825872745161890e-01 2.581410527988496284e+01 3.300000000000000000e+01
9.683772233983162225e-01 2.621973786501069625e+01 3.300000000000000000e+01
9.726158036573563370e-01 2.660908817155457129e+01 3.400000000000000000e+01
9.762862629433834982e-01 2.698198265061689582e+01 3.400000000000000000e+01
9.794647497354285193e-01 2.733828949270960962e+01 3.500000000000000000e+01
9.822172058996108124e-01 2.767787480483327656e+01 3.500000000000000000e+01
9.846007347394051257e-01 2.800059888783276563e+01 3.500000000000000000e+01
9.866647856783667958e-01 2.830633562151333749e+01 3.600000000000000000e+01
9.884521801531054308e-01 2.859500945695113217e+01 3.600000000000000000e+01
9.899999999999999911e-01 2.886659920830270565e+01 3.600000000000000000e+01
9.913403567663993110e-01 2.912113808118888159e+01 3.600000000000000000e+01
9.925010579066754213e-01 2.935881043385725064e+01 3.600000000000000000e+01
9.935061836842379313e-01 2.957974810738215155e+01 3.700000000000000000e+01
9.943765867480964804e-01 2.978427665478819364e+01 3.700000000000000000e+01
9.951303247483413994e-01 2.997283661090852647e+01 3.700000000000000000e+01
9.957830349657141866e-01 3.014587666692958834e+01 3.700000000000000000e+01
9.963482587274515856e-01 3.030405238264266998e+01 3.700000000000000000e+01
9.968377223398315889e-01 3.044798161422395566e+01 3.700000000000000000e+01
9.972615803657356448e-01 3.057846517523839935e+01 3.700000000000000000e+01
9.976286262943383498e-01 3.069619661414278511e+01 3.700000000000000000e+01
9.979464749735428297e-01 3.080211448062613044e+01 3.700000000000000000e+01
9.982217205899610590e-01 3.089698503435776900e+01 3.700000000000000000e+01
9.984600734739405015e-01 3.098172666420901322e+01 3.700000000000000000e+01
9.986664785678366352e-01 3.105713459820660205e+01 3.700000000000000000e+01
9.988452180153105653e-01 3.112406380765397884e+01 3.700000000000000000e+01
9.989999999999999991e-01 3.118329172773235314e+01 3.700000000000000000e+01
9.991340356766399422e-01 3.123565514782651675e+01 3.700000000000000000e+01
9.992501057906675310e-01 3.128171555390406056e+01 3.700000000000000000e+01
9.993506183684237598e-01 3.132224306878909914e+01 3.700000000000000000e+01
9.994376586748096036e-01 3.135784999330786249e+01 3.700000000000000000e+01
9.995130324748341399e-01 3.138901687055288647e+01 3.700000000000000000e+01
9.995783034965713965e-01 3.141623597710850646e+01 3.700000000000000000e+01
9.996348258727452141e-01 3.144010637929534724e+01 3.700000000000000000e+01
9.996837722339831922e-01 3.146090085903267664e+01 3.700000000000000000e+01
9.997261580365736089e-01 3.147902132244919216e+01 3.700000000000000000e+01
9.997628626294338128e-01 3.149485423015464391e+01 3.700000000000000000e+01
9.997946474973542497e-01 3.150861017618780480e+01 3.700000000000000000e+01
9.998221720589961503e-01 3.152056889785418647e+01 3.700000000000000000e+01
9.998460073473940390e-01 3.153097795281295390e+01 3.700000000000000000e+01
9.998666478567836968e-01 3.154002701281719823e+01 3.700000000000000000e+01
9.998845218015310898e-01 3.154786380596472384e+01 3.700000000000000000e+01
9.999000000000000110e-01 3.155467271794259787e+01 3.700000000000000000e+01
