0.000000000000000000e+00 1.175531631602335914e+01 6.000000000000000000e+00
1.340356766399346533e-01 1.258496450786322995e+01 7.000000000000000000e+00
2.501057906675441256e-01 1.338920928974269131e+01 8.000000000000000000e+00
3.506183684237886844e-01 1.416974196596025948e+01 9.000000000000000000e+00
4.376586748096509272e-01 1.492786842106119671e+01 1.100000000000000000e+01
5.130324748341368313e-01 1.566464754683440574e+01 1.200000000000000000e+01
5.783034965714177744e-01 1.638094280956408255e+01 1.300000000000000000e+01
6.348258727451623340e-01 1.707740347230619449e+01 1.400000000000000000e+01
6.837722339831620033e-01 1.775456752768397095e+01 1.600000000000000000e+01
7.261580365735638143e-01 1.841293607514572628e+01 1.700000000000000000e+01
7.628626294338345382e-01 1.905285010123566636e+01 1.900000000000000000e+01
7.946474973542854148e-01 1.967468032640416453e+01 2.000000000000000000e+01
8.221720589961076797e-01 2.027874581471467508e+01 2.100000000000000000e+01
8.460073473940508126e-01 2.086529619462285012e+01 2.300000000000000000e+01
8.666478567836676250e-01 2.143464144009901418e+01 2.400000000000000000e+01
8.845218015310541970e-01 2.198698967352254030e+01 2.500000000000000000e+01
9.000000000000000222e-01 2.252258363275085173e+01 2.600000000000000000e+01
9.134035676639934431e-01 2.304160004165265363e+01 2.700000000000000000e+01
9.250105790667544348e-01 2.354423639779088973e+01 2.900000000000000000e+01
9.350618368423788684e-01 2.403058036750738680e+01 2.900000000000000000e+01
9.437658674809651371e-01 2.450078099873203996e+01 3.000000000000000000e+01
9.513032474834136609e-01 2.495484572182287053e+01 3.100000000000000000e+01
9.578303496571417552e-01 2.539280088517197242e+01 3.200000000000000000e+01
9.634825872745161890e-01 2.581461261249405226e+01 3.300000000000000000e+01
9.683772233983162225e-01 2.622019960095766677e+01 3.300000000000000000e+01
9.726158036573563370e-01 2.660951810723203437e+01 3.400000000000000000e+01
9.762862629433834982e-01 2.698237975900918428e+01 3.400000000000000000e+01
9.794647497354285193e-01 2.733865118492698443e+01 3.500000000000000000e+01
9.822172058996108124e-01 2.767820621836882466e+01 3.500000000000000000e+01
9.846007347394051257e-01 2.800090296187573813e+01 3.500000000000000000e+01
9.866647856783667958e-01 2.830661407747151159e+01 3.600000000000000000e+01
9.884521801531054308e-01 2.859526360351171448e+01 3.600000000000000000e+01
9.899999999999999911e-01 2.886683051563744939e+01 3.600000000000000000e+01
9.913403567663993110e-01 2.912134853253705913e+01 3.600000000000000000e+01
9.925010579066754213e-01 2.935899789378304092e+01 3.600000000000000000e+01
9.935061836842379313e-01 2.957991694026599205e+01 3.700000000000000000e+01
9.943765867480964804e-01 2.978442781331630584e+01 3.700000000000000000e+01
9.951303247483413994e-01 2.997297254473104289e+01 3.700000000000000000e+01
9.957830349657141866e-01 3.014599779106357857e+01 3.700000000000000000e+01
9.963482587274515856e-01 3.030416081852728283e+01 3.700000000000000000e+01
9.968377223398315889e-01 3.044807811853864266e+01 3.700000000000000000e+01
9.972615803657356448e-01 3.057855192697331503e+01 3.700000000000000000e+01
9.976286262943383498e-01 3.069627282711076077e+01 3.700000000000000000e+01
9.979464749735428297e-01 3.080218282711936695e+01 3.700000000000000000e+01
9.982217205899610590e-01 3.089704564089415584e+01 3.700000000000000000e+01
9.984600734739405015e-01 3.098177954463915640e+01 3.700000000000000000e+01
9.986664785678366352e-01 3.105718096340077494e+01 3.700000000000000000e+01
9.988452180153105653e-01 3.112410443953969974e+01 3.700000000000000000e+01
9.989999999999999991e-01 3.118332817602079032e+01 3.700000000000000000e+01
9.991340356766399422e-01 3.123568682431675825e+01 3.700000000000000000e+01
9.992501057906675310e-01 3.128174286028219697e+01 3.700000000000000000e+01
9.993506183684237598e-01 3.132226689620456384e+01 3.700000000000000000e+01
9.994376586748096036e-01 3.135787109967968433e+01 3.700000000000000000e+01
9.995130324748341399e-01 3.138903538859981524e+01 3.700000000000000000e+01
9.995783034965713965e-01 3.141625224944572636e+01 3.700000000000000000e+01
9.996348258727452141e-01 3.144012043036834569e+01 3.700000000000000000e+01
9.996837722339831922e-01 3.146091329719161678e+01 3.700000000000000000e+01
9.997261580365736089e-01 3.147903171729437233e+01 3.700000000000000000e+01
9.997628626294338128e-01 3.149486349299709786e+01 3.700000000000000000e+01
9.997946474973542497e-01 3.150861776926912228e+01 3.700000000000000000e+01
9.998221720589961503e-01 3.152057581302570810e+01 3.700000000000000000e+01
9.998460073473940390e-01 3.153098423248324167e+01 3.700000000000000000e+01
9.998666478567836968e-01 3.154003226094065582e+01 3.700000000000000000e+01
9.998845218015310898e-01 3.154786851800240655e+01 3.700000000000000000e+01
9.999000000000000110e-01 3.155467661229448595e+01 3.700000000000000000e+01
